1731400975.0272167
1731400975.0636954
1731400975.0956025
1731400975.12914
1731400975.1630607
1731400975.1977057
1731400975.2304533
1731400975.2631717
1731400975.2979348
1731400975.3322
1731400975.3683336
1731400975.4050233
1731400975.442201
1731400975.476057
1731400975.5079749
1731400975.5412908
1731400975.5785007
1731400975.613596
1731400975.6461911
1731400975.6796165
1731400975.714802
1731400975.7485044
1731400975.7819257
1731400975.816603
1731400975.847799
1731400975.8811333
1731400975.9134924
1731400975.9458401
1731400975.9810097
1731400976.016362
1731400976.047943
1731400976.0819528
1731400976.1144493
1731400976.1514087
1731400976.1645086
1731400976.2020204
1731400976.2430995
1731400976.2860358
1731400976.3237684
1731400976.3618917
1731400976.369792
1731400976.407704
1731400976.441324
1731400976.476765
1731400976.5120738
1731400976.546662
1731400976.581326
1731400976.617675
1731400976.6504872
1731400976.6857808
1731400976.7213736
1731400976.759611
1731400976.7962532
1731400976.8313105
1731400976.8637626
1731400976.8972807
1731400976.9308414
1731400976.9668102
1731400977.0097332
1731400977.062715
1731400977.1027172
1731400977.1340055
1731400977.1675613
1731400977.2056415
1731400977.2401447
1731400977.2761369
1731400977.308273
1731400977.3426924
1731400977.3794541
1731400977.4139822
1731400977.4482179
1731400977.4830217
1731400977.5139856
1731400977.548063
1731400977.581109
1731400977.616538
1731400977.651512
1731400977.686194
1731400977.717482
1731400977.7512746
1731400977.7833352
1731400977.8150835
1731400977.8491225
1731400977.8837814
1731400977.9207046
1731400977.954167
1731400977.988058
1731400978.0208166
1731400978.0523968
1731400978.0883167
1731400978.122577
1731400978.1548417
1731400978.186351
1731400978.2214575
1731400978.2566478
1731400978.2925386
1731400978.3258324
1731400978.3586283
1731400978.391359
1731400978.4250948
1731400978.4595656
1731400978.4947217
1731400978.5279803
1731400978.5348723
1731400978.5684106
1731400978.6010792
1731400978.6087358
1731400978.643836
1731400978.6761892
1731400978.710149
1731400978.7439451
1731400978.7805557
1731400978.8160892
1731400978.8547115
1731400978.8886528
1731400978.923423
1731400978.956229
1731400978.9882746
1731400979.0219657
1731400979.0569565
1731400979.0890737
1731400979.1216066
1731400979.1575491
1731400979.1940951
1731400979.2293909
1731400979.2685583
1731400979.3044424
1731400979.3423772
1731400979.3748085
1731400979.4083788
1731400979.450811
1731400979.4856553
1731400979.5163336
1731400979.5499442
1731400979.5820756
1731400979.61381
1731400979.6472006
1731400979.6815155
1731400979.7130873
1731400979.7486975
1731400979.7818418
1731400979.8189692
1731400979.8533807
1731400979.888046
1731400979.9229817
1731400979.9576292
1731400979.9921255
1731400980.0234878
1731400980.0308628
1731400980.067406
1731400980.1005812
1731400980.1333776
1731400980.1663966
1731400980.200897
1731400980.2346125
1731400980.2708597
1731400980.3196042
1731400980.3695858
1731400980.4100873
1731400980.4436522
1731400980.4804265
1731400980.51806
1731400980.5508506
1731400980.5843003
1731400980.6166754
1731400980.6503239
1731400980.6831045
1731400980.7196171
1731400980.7531192
1731400980.7882216
1731400980.8212986
1731400980.8568106
1731400980.8917599
1731400980.9270346
1731400980.9603534
1731400980.995474
1731400981.0282438
1731400981.0613317
1731400981.0957944
1731400981.1311004
1731400981.1633463
1731400981.1959662
1731400981.231213
1731400981.2676966
1731400981.3020837
1731400981.3386347
1731400981.3714063
1731400981.4059854
1731400981.4386597
1731400981.471864
1731400981.5044067
1731400981.539677
1731400981.5716026
1731400981.6042123
1731400981.6363912
1731400981.668656
1731400981.7044835
1731400981.7400217
1731400981.7719316
1731400981.8067293
1731400981.8394594
1731400981.8778844
1731400981.912567
1731400981.9477541
1731400981.9812536
1731400982.0134373
1731400982.0469184
1731400982.082452
1731400982.1174934
1731400982.1532657
