1728376373.0894985
1728376373.1227925
1728376373.1818748
1728376373.2394352
1728376373.2948892
1728376373.3507998
1728376373.4055684
1728376373.4581442
1728376373.5125313
1728376373.5648708
1728376373.618939
1728376373.6742918
1728376373.7290127
1728376373.7556021
1728376373.8109484
1728376373.866611
1728376373.9222832
1728376373.974528
1728376374.0290322
1728376374.081678
1728376374.1358116
1728376374.1894982
1728376374.2497509
1728376374.3034225
1728376374.3593333
1728376374.3861437
1728376374.4399927
1728376374.495222
1728376374.5899632
1728376374.6469042
1728376374.7008452
1728376374.7575107
1728376374.8116176
1728376374.8672154
1728376374.9247427
1728376374.9819503
1728376375.0382466
1728376375.0634322
1728376375.1153946
1728376375.1713588
1728376375.2282515
1728376375.282456
1728376375.3384526
1728376375.3926797
1728376375.448716
1728376375.5026305
1728376375.5597796
1728376375.6134627
1728376375.6688192
1728376375.6945689
1728376375.7506607
1728376375.8068337
1728376375.8628488
1728376375.9178884
1728376375.9724076
1728376376.0251148
1728376376.0793867
1728376376.1340127
1728376376.189395
1728376376.24312
1728376376.2977524
1728376376.3227222
1728376376.3748746
1728376376.426179
1728376376.4813569
1728376376.5341873
1728376376.5883021
1728376376.6426141
1728376376.6967764
1728376376.7490969
1728376376.801761
1728376376.8561022
1728376376.9103715
1728376376.9362242
1728376376.987981
1728376377.040144
1728376377.0930483
1728376377.1449296
1728376377.197064
1728376377.2480145
1728376377.3003583
1728376377.3540907
1728376377.405271
1728376377.4572437
1728376377.5098543
1728376377.5359333
1728376377.5838115
1728376377.6348503
1728376377.6850777
1728376377.7357025
1728376377.7849975
1728376377.8368177
1728376377.8911948
1728376377.9431396
1728376377.994242
1728376378.0452878
1728376378.0954683
1728376378.1221821
1728376378.1731381
1728376378.2234964
1728376378.2756367
1728376378.3259811
1728376378.3770993
1728376378.4279008
1728376378.4790957
1728376378.5301049
1728376378.5816402
1728376378.6334062
1728376378.684719
1728376378.709682
1728376378.7604449
1728376378.8114228
1728376378.864783
1728376378.9158711
1728376378.9672732
1728376379.0185304
1728376379.071629
1728376379.1331108
1728376379.1866102
1728376379.2372313
1728376379.2902098
1728376379.3150663
1728376379.365814
1728376379.4194303
1728376379.4721859
1728376379.5233014
1728376379.5862975
1728376379.6408198
1728376379.6924493
1728376379.743025
1728376379.79477
1728376379.846947
1728376379.8988404
1728376379.9234881
1728376379.9738612
1728376380.027001
1728376380.0789995
1728376380.1295805
1728376380.1795697
1728376380.2304974
1728376380.2823145
1728376380.3353148
1728376380.3872497
1728376380.4392169
1728376380.491714
1728376380.517695
1728376380.5671778
1728376380.618567
1728376380.6698465
1728376380.7206104
1728376380.7706087
1728376380.8245482
1728376380.8767989
1728376380.928232
1728376380.9811983
1728376381.0325544
1728376381.0850155
1728376381.109964
1728376381.161079
1728376381.213915
1728376381.2662213
1728376381.3166876
1728376381.3690777
1728376381.421875
1728376381.4747086
1728376381.5268476
1728376381.5815547
1728376381.6350605
1728376381.6879835
1728376381.713537
1728376381.7639637
1728376381.8172925
1728376381.8693717
1728376381.9201005
1728376381.9713712
1728376382.0226088
1728376382.0744104
1728376382.1259596
1728376382.1792867
1728376382.2337146
1728376382.2866058
1728376382.3116038
1728376382.3643472
1728376382.4130132
1728376382.4643898
1728376382.5157826
1728376382.5691478
1728376382.621608
1728376382.6753483
1728376382.7265134
1728376382.7782161
1728376382.8323107
1728376382.887224
1728376382.9130507
1728376382.9663641
1728376383.0199165
1728376383.0713916
1728376383.1222503
1728376383.1728263
1728376383.2242386
1728376383.2765815
1728376383.3283415
1728376383.3795412
1728376383.4306297
1728376383.4827712
1728376383.5069215
1728376383.5581427
1728376383.6097698
1728376383.6605923
1728376383.7106352
1728376383.7611866
1728376383.7855284
1728376383.8336003
1728376383.8809252
1728376383.9280899
1728376383.9739056
1728376384.022176
1728376384.0685954
1728376384.1164012
1728376384.165042
1728376384.211559
1728376384.25881
1728376384.3063188
1728376384.3303862
1728376384.3763716
1728376384.4252243
1728376384.4710412
1728376384.5173244
1728376384.5712845
1728376384.6173139
1728376384.6643856
1728376384.7100165
1728376384.756468
1728376384.8037927
1728376384.8506498
1728376384.8749855
1728376384.9228451
1728376384.9730804
1728376385.0191898
1728376385.0657833
1728376385.1121843
1728376385.1589742
1728376385.2050676
1728376385.2518666
1728376385.2992105
1728376385.3492553
1728376385.3970792
1728376385.4225981
1728376385.4700913
1728376385.5190175
1728376385.566573
1728376385.614893
1728376385.6623385
1728376385.7113972
1728376385.759702
1728376385.8080842
1728376385.8565428
1728376385.905721
1728376385.9529965
1728376385.9773066
1728376386.025639
1728376386.0765345
1728376386.1256
1728376386.174923
1728376386.2236183
1728376386.2716236
1728376386.3220153
1728376386.3705456
1728376386.419005
1728376386.4681141
1728376386.5169168
1728376386.5424948
1728376386.5892673
1728376386.6386547
1728376386.6876059
1728376386.7372088
1728376386.7928576
1728376386.8534272
1728376386.9134297
1728376386.969221
1728376387.0260644
1728376387.090151
1728376387.1521437
1728376387.1820025
1728376387.2378228
1728376387.2913437
1728376387.3422472
1728376387.3908617
1728376387.4397779
1728376387.4914148
1728376387.5403824
1728376387.5887973
1728376387.6366518
1728376387.6840906
1728376387.733048
1728376387.758141
1728376387.8077903
1728376387.8577604
1728376387.907648
1728376387.95547
1728376388.0017493
1728376388.0477223
1728376388.0949812
1728376388.1426125
1728376388.1896114
1728376388.2372015
1728376388.290153
1728376388.316378
1728376388.368954
1728376388.4229057
1728376388.4768298
1728376388.530115
1728376388.5837884
1728376388.637576
1728376388.6895282
1728376388.738393
1728376388.7883637
1728376388.8372586
1728376388.887195
1728376388.9116018
1728376388.9587183
1728376389.0074902
1728376389.0586596
1728376389.1078665
1728376389.1585405
1728376389.1829946
1728376389.2339454
1728376389.2837799
1728376389.3359754
1728376389.386475
1728376389.4380453
1728376389.4893653
1728376389.5426104
1728376389.6291363
1728376389.6807084
1728376389.7312467
1728376389.784101
