1729328644.4582677
1729328644.493065
1729328644.5228243
1729328644.5555568
1729328644.5883846
1729328644.6235921
1729328644.6603057
1729328644.6930566
1729328644.7269807
1729328644.7603498
1729328644.7950754
1729328644.8299916
1729328644.8614252
1729328644.894801
1729328644.9298346
1729328644.9620414
1729328644.9959846
1729328645.031594
1729328645.062343
1729328645.092707
1729328645.1261811
1729328645.160478
1729328645.202258
1729328645.2390711
1729328645.2715642
1729328645.3065424
1729328645.3395324
1729328645.3726683
1729328645.4060285
1729328645.4393656
1729328645.4706898
1729328645.5042434
1729328645.537522
1729328645.5735593
1729328645.6102517
1729328645.6517699
1729328645.6853957
1729328645.7186046
1729328645.7523615
1729328645.7847023
1729328645.8189173
1729328645.8544571
1729328645.8865755
1729328645.9206426
1729328645.9533005
1729328645.991043
1729328646.030047
1729328646.0695105
1729328646.105641
1729328646.1425624
1729328646.1802733
1729328646.2217722
1729328646.270414
1729328646.321787
1729328646.3652496
1729328646.4024081
1729328646.4402502
1729328646.4807422
1729328646.5159135
1729328646.5510917
1729328646.5838451
1729328646.6165726
1729328646.6493134
1729328646.6850843
1729328646.7207577
1729328646.7574224
1729328646.790707
1729328646.826269
1729328646.8613935
1729328646.8967948
1729328646.9313936
1729328646.9665208
1729328646.998755
1729328647.0345087
1729328647.0686285
1729328647.1061676
1729328647.1416323
1729328647.1790066
1729328647.212937
1729328647.2465706
1729328647.2798567
1729328647.3117363
1729328647.345229
1729328647.3804533
1729328647.4156034
1729328647.451918
1729328647.4878395
1729328647.519194
1729328647.5525765
1729328647.5879364
1729328647.6202354
1729328647.6525598
1729328647.6854396
1729328647.722079
1729328647.7596605
1729328647.794114
1729328647.8264194
1729328647.858828
1729328647.8923924
1729328647.9275875
1729328647.9620206
1729328647.9971485
1729328648.0285583
1729328648.0634472
1729328648.0962076
1729328648.1283484
1729328648.1633015
1729328648.1987271
1729328648.229764
1729328648.2623239
1729328648.2949593
1729328648.3307877
1729328648.3659606
1729328648.4017715
1729328648.4336646
1729328648.4666648
1729328648.5015428
1729328648.5353906
1729328648.5707035
1729328648.6067529
1729328648.6369185
1729328648.6673226
1729328648.6993992
1729328648.7337413
1729328648.7671733
1729328648.8051317
1729328648.8371265
1729328648.8709152
1729328648.902559
1729328648.9354951
1729328648.9670465
1729328649.0017753
1729328649.0334058
1729328649.06702
1729328649.0985494
1729328649.1299908
1729328649.163085
1729328649.197201
1729328649.228723
1729328649.2597709
1729328649.2922442
1729328649.3284767
1729328649.3616178
1729328649.3957407
1729328649.4276667
1729328649.4701283
1729328649.5026245
1729328649.545847
1729328649.5955973
1729328649.640014
1729328649.672273
1729328649.7049437
1729328649.7375722
1729328649.7736666
1729328649.8096852
1729328649.8452594
1729328649.8784735
1729328649.914201
1729328649.9468894
1729328649.9826431
1729328650.017766
1729328650.0538366
1729328650.0870187
1729328650.119842
1729328650.1522815
1729328650.1842222
1729328650.2164223
1729328650.2531471
1729328650.2879667
1729328650.3237753
1729328650.3557358
1729328650.391818
1729328650.4273179
1729328650.462596
1729328650.493985
1729328650.5267916
1729328650.5587382
1729328650.5910354
1729328650.6241539
1729328650.6584246
1729328650.6901376
1729328650.7222998
1729328650.7574544
1729328650.794128
1729328650.828141
1729328650.8630497
1729328650.8973777
1729328650.9340112
1729328650.968176
1729328651.0035229
1729328651.0349853
1729328651.0700727
1729328651.1033394
1729328651.1350956
1729328651.1684687
1729328651.2007413
1729328651.2351398
1729328651.2703283
1729328651.3020792
1729328651.336632
1729328651.3688722
1729328651.4064004
1729328651.4400992
1729328651.4744673
1729328651.5064456
1729328651.538611
1729328651.57108
1729328651.6064684
1729328651.64142
1729328651.6762557
