1728544926.1410878
1728544926.3855007
1728544926.431602
1728544926.4712164
1728544926.5069823
1728544926.542593
1728544926.5775976
1728544926.6127217
1728544926.6511824
1728544926.6886334
1728544926.726433
1728544926.761528
1728544926.7993715
1728544926.8333042
1728544926.8662572
1728544926.8994122
1728544926.9340832
1728544926.9678137
1728544927.0020921
1728544927.037714
1728544927.0735474
1728544927.1099656
1728544927.1446745
1728544927.1788256
1728544927.2169538
1728544927.25058
1728544927.2832596
1728544927.317394
1728544927.3502607
1728544927.3847053
1728544927.4192576
1728544927.4393177
1728544927.4748585
1728544927.510102
1728544927.5433593
1728544927.575872
1728544927.6107216
1728544927.6455634
1728544927.680611
1728544927.715712
1728544927.74953
1728544927.783627
1728544927.8175273
1728544927.850585
1728544927.8845794
1728544927.9205859
1728544927.9563043
1728544927.9908116
1728544928.0243943
1728544928.0580213
1728544928.092216
1728544928.1259382
1728544928.1594284
1728544928.1931973
1728544928.2267585
1728544928.2611964
1728544928.2946894
1728544928.327329
1728544928.3597593
1728544928.3925824
1728544928.4263346
1728544928.4460528
1728544928.4802823
1728544928.5148664
1728544928.548595
1728544928.5817096
1728544928.6155434
1728544928.6486967
1728544928.6822605
1728544928.7160263
1728544928.7494085
1728544928.7820442
1728544928.8150754
1728544928.848924
1728544928.9213114
1728544928.9559457
1728544928.9896533
1728544929.0233614
1728544929.0567296
1728544929.0909145
1728544929.1243887
1728544929.1579669
1728544929.1912706
1728544929.225184
1728544929.258701
1728544929.2924616
1728544929.3262744
1728544929.359496
1728544929.3929152
1728544929.4261262
1728544929.461073
1728544929.4804678
1728544929.5178766
1728544929.5531971
1728544929.5876958
1728544929.6237037
1728544929.6593735
1728544929.6946995
1728544929.7292283
1728544929.7638059
1728544929.7967083
1728544929.8300629
1728544929.8637235
1728544929.8973672
1728544929.930062
1728544929.9653509
1728544929.9994726
1728544930.03366
1728544930.0671687
1728544930.1029744
1728544930.1360056
1728544930.1709378
1728544930.2040105
1728544930.2370374
1728544930.27003
1728544930.303409
1728544930.3350718
1728544930.367978
1728544930.4002547
1728544930.4345052
1728544930.468406
1728544930.487562
1728544930.5230482
1728544930.557077
1728544930.5908341
1728544930.6236901
1728544930.6577022
1728544930.690689
1728544930.7234688
1728544930.7568393
1728544930.789867
1728544930.8228507
1728544930.8565862
1728544930.889253
1728544930.9214096
1728544930.953497
1728544930.9853437
1728544931.0171025
1728544931.0499845
1728544931.0839188
1728544931.1159995
1728544931.1502078
1728544931.1827364
1728544931.2170324
1728544931.2529504
1728544931.284666
1728544931.31773
1728544931.3505971
1728544931.3834674
1728544931.4147549
1728544931.4480479
1728544931.4675295
1728544931.5018892
1728544931.5352552
1728544931.5683491
1728544931.6006742
1728544931.633299
1728544931.667253
1728544931.699936
1728544931.7333443
1728544931.7660136
1728544931.799108
1728544931.8320525
1728544931.864733
1728544931.8981469
1728544931.9310088
1728544931.9642441
1728544931.9972672
1728544932.0309112
1728544932.064333
1728544932.0978174
1728544932.1313744
1728544932.1654174
1728544932.1994808
1728544932.2327998
1728544932.266378
1728544932.2993753
1728544932.3323753
1728544932.3658426
1728544932.400682
1728544932.4390593
1728544932.4623444
1728544932.501046
1728544932.5393865
1728544932.5738416
1728544932.6065054
1728544932.6408246
1728544932.6731253
1728544932.7060077
1728544932.7386644
1728544932.773195
1728544932.8082523
1728544932.8468165
1728544932.8842454
1728544932.9221282
1728544932.961624
1728544932.9975517
1728544933.0343432
1728544933.067795
1728544933.1014016
1728544933.1347494
1728544933.169923
1728544933.2038379
1728544933.2374346
1728544933.2720673
1728544933.30691
1728544933.3410144
1728544933.3748608
1728544933.4093645
1728544933.442597
1728544933.4764569
1728544933.4970741
1728544933.5327523
1728544933.5669591
1728544933.6000085
1728544933.6343167
1728544933.6696427
1728544933.7029305
1728544933.7379625
1728544933.7716205
1728544933.8058453
1728544933.8401818
1728544933.9114997
1728544933.9463227
1728544933.9823873
1728544934.017337
1728544934.050811
1728544934.0850012
1728544934.1205068
1728544934.156946
1728544934.1912382
1728544934.22523
1728544934.2616138
1728544934.2957613
1728544934.3291218
1728544934.363787
1728544934.397643
1728544934.4322011
1728544934.4665735
1728544934.5023007
1728544934.5378575
1728544934.558251
1728544934.59309
1728544934.627574
1728544934.6628327
1728544934.697567
1728544934.7321377
1728544934.7682078
1728544934.8046422
1728544934.8405824
1728544934.8755622
1728544934.9103913
1728544934.9456708
1728544934.9804766
1728544935.0151017
1728544935.0507884
1728544935.085548
1728544935.1227758
1728544935.1582956
1728544935.1918623
1728544935.226131
1728544935.2606225
1728544935.2944443
1728544935.3278768
1728544935.3606517
1728544935.3930473
1728544935.4273922
1728544935.4613945
1728544935.4953413
1728544935.5305245
1728544935.5638435
1728544935.5838518
1728544935.6196914
1728544935.653544
1728544935.687983
1728544935.7232738
1728544935.7578323
1728544935.7915816
1728544935.8252225
1728544935.8584769
1728544935.8934193
1728544935.927205
1728544935.960588
1728544935.9948173
1728544936.0300717
1728544936.0659106
1728544936.1029136
1728544936.1383138
1728544936.1719384
1728544936.2083762
1728544936.2438123
1728544936.27769
1728544936.3137364
1728544936.3471677
1728544936.380932
1728544936.4147499
1728544936.4468827
1728544936.4804096
1728544936.5133054
1728544936.5468583
1728544936.578984
1728544936.598908
1728544936.6342497
1728544936.6693356
1728544936.7046006
1728544936.739993
1728544936.77575
1728544936.8120303
1728544936.8473852
1728544936.8827007
1728544936.9162693
1728544936.9501944
1728544936.9844878
1728544937.0187953
1728544937.0535676
1728544937.0878263
1728544937.1216972
1728544937.1553829
1728544937.1897576
1728544937.2240434
1728544937.2585762
1728544937.2933896
1728544937.3297064
1728544937.3658495
1728544937.3991034
1728544937.433566
1728544937.4674263
1728544937.5006347
1728544937.5344121
1728544937.568295
1728544937.6023605
1728544937.6227171
1728544937.6583016
1728544937.6920216
1728544937.7256594
1728544937.7603981
1728544937.7935736
1728544937.8267875
1728544937.8602147
1728544937.8932524
1728544937.9263122
1728544937.9602668
1728544937.9936576
1728544938.0268433
1728544938.060928
1728544938.0943794
1728544938.1269965
1728544938.1594312
1728544938.1926823
1728544938.2267451
1728544938.2594082
1728544938.2923553
1728544938.327152
1728544938.3598769
1728544938.394388
1728544938.4276657
1728544938.460908
1728544938.4940634
1728544938.529806
1728544938.5645843
1728544938.599566
1728544938.6200564
1728544938.6566067
1728544938.692243
1728544938.7274048
1728544938.7626784
1728544938.7984886
1728544938.8327463
1728544938.8667486
1728544938.9105108
1728544938.9435964
1728544938.976294
1728544939.008913
1728544939.0436552
1728544939.0770416
1728544939.1103222
1728544939.143386
1728544939.1764312
1728544939.2095375
1728544939.2429383
1728544939.276954
1728544939.3110404
1728544939.3450305
1728544939.3777378
1728544939.4104767
1728544939.4438674
1728544939.4791055
1728544939.5127163
1728544939.545884
1728544939.57922
1728544939.6139777
1728544939.6342556
1728544939.6706703
1728544939.705323
1728544939.7381423
1728544939.7708464
1728544939.8051817
1728544939.8380978
1728544939.8706396
1728544939.904117
1728544939.9360027
1728544939.9685004
1728544940.0011234
1728544940.03371
1728544940.0687022
1728544940.101759
1728544940.1343718
1728544940.1682703
1728544940.200809
1728544940.2330983
1728544940.2657816
1728544940.2989273
1728544940.3323662
1728544940.3654618
1728544940.3981082
1728544940.4320815
1728544940.4672186
1728544940.5005603
1728544940.5348065
1728544940.5689223
1728544940.6014643
1728544940.6218421
1728544940.6562612
1728544940.6907203
1728544940.724891
1728544940.7606971
1728544940.793703
1728544940.8270671
1728544940.8602355
1728544940.8947518
1728544940.9281344
1728544940.9622855
1728544940.996564
1728544941.03021
1728544941.0644836
1728544941.0982885
1728544941.1319954
1728544941.1670358
1728544941.2014797
1728544941.236085
1728544941.2728527
1728544941.308313
1728544941.34347
1728544941.3782434
1728544941.415342
1728544941.4515886
1728544941.4869156
1728544941.5213525
1728544941.5568914
1728544941.592012
1728544941.6276772
1728544941.6487503
1728544941.684441
1728544941.7186189
1728544941.7528236
1728544941.78714
1728544941.822212
1728544941.8559668
1728544941.8894715
1728544941.923144
1728544941.958169
1728544941.991737
1728544942.0260766
1728544942.0590603
1728544942.0932949
1728544942.1259363
1728544942.1591396
1728544942.192715
1728544942.2274718
1728544942.2603922
1728544942.295103
1728544942.3310452
1728544942.3683093
1728544942.4025881
1728544942.436638
1728544942.4692602
1728544942.5030057
1728544942.538209
1728544942.5727038
1728544942.6071799
1728544942.6436853
1728544942.663972
1728544942.699002
1728544942.733918
1728544942.767936
1728544942.803718
1728544942.837981
1728544942.8733392
1728544942.9069684
1728544942.942331
1728544942.9763062
1728544943.0093346
1728544943.0424786
1728544943.0760372
1728544943.1087162
1728544943.143509
1728544943.1773276
1728544943.2108989
1728544943.2437017
1728544943.276227
1728544943.3091235
1728544943.3428404
1728544943.3762674
1728544943.4121158
1728544943.4455392
1728544943.478767
1728544943.5117059
1728544943.546516
1728544943.5796058
1728544943.612615
1728544943.6466184
1728544943.6667082
1728544943.7014096
1728544943.735036
1728544943.7675867
1728544943.8003235
1728544943.8321233
1728544943.8640022
1728544943.9060404
1728544943.9393966
1728544943.97179
1728544944.0043306
1728544944.0373402
1728544944.0709474
1728544944.1041143
1728544944.1373951
1728544944.1711874
1728544944.2049873
1728544944.23674
1728544944.2687492
1728544944.3006775
1728544944.3331206
1728544944.364112
1728544944.397148
1728544944.4288878
1728544944.4623184
1728544944.4936802
1728544944.525802
1728544944.558469
1728544944.591816
1728544944.6242464
1728544944.6442478
1728544944.6795304
1728544944.713514
1728544944.745721
1728544944.7793753
1728544944.8134482
1728544944.847658
1728544944.8801954
1728544944.9136994
1728544944.9461777
1728544944.9810305
1728544945.0147092
1728544945.0484374
1728544945.0825171
1728544945.1156013
1728544945.1480646
1728544945.1830885
1728544945.21817
1728544945.2506833
1728544945.2831168
1728544945.3170826
1728544945.3518047
1728544945.3848877
1728544945.418099
1728544945.4532893
1728544945.4886017
1728544945.5238547
1728544945.55809
1728544945.5941079
1728544945.6280224
1728544945.6483011
1728544945.6832495
1728544945.7176373
1728544945.7525764
1728544945.7856483
1728544945.8187304
1728544945.8517392
1728544945.8854463
1728544945.918125
1728544945.9507418
1728544945.983244
1728544946.0172882
1728544946.0504184
1728544946.0840125
1728544946.1176848
1728544946.1517115
1728544946.185435
1728544946.2188442
1728544946.2520027
1728544946.284815
1728544946.3179457
1728544946.350754
1728544946.3838737
1728544946.4175215
1728544946.44962
1728544946.4823768
1728544946.5156918
1728544946.5499988
1728544946.5833516
1728544946.617292
1728544946.637694
1728544946.6738348
1728544946.7146916
1728544946.7525737
1728544946.7888288
1728544946.8252718
1728544946.8621464
1728544946.9009643
1728544946.9378252
1728544946.9748712
1728544947.0114431
1728544947.0481777
1728544947.0867605
1728544947.1235695
1728544947.1623535
1728544947.1988688
1728544947.2316763
1728544947.2650833
1728544947.2989402
1728544947.3324587
1728544947.3686695
1728544947.402231
1728544947.437054
1728544947.4722583
1728544947.5057218
1728544947.5409079
1728544947.576576
1728544947.6094768
1728544947.6424363
1728544947.6763244
1728544947.6971622
1728544947.7333555
1728544947.768335
1728544947.802773
1728544947.8383749
1728544947.8740041
1728544947.907198
1728544947.9426024
1728544947.976923
1728544948.0120578
1728544948.0466728
1728544948.0809867
1728544948.1170518
1728544948.1505868
1728544948.1847465
1728544948.2232506
1728544948.260492
1728544948.2974434
1728544948.3346095
1728544948.3710694
1728544948.4087398
1728544948.4442427
1728544948.4796717
1728544948.5147114
1728544948.5536103
1728544948.603362
1728544948.636283
1728544948.6705155
1728544948.704878
1728544948.7398367
1728544948.7625997
1728544948.796815
1728544948.8310616
1728544948.8651066
1728544948.9368412
1728544948.9711506
1728544949.0057445
1728544949.0394225
1728544949.07359
1728544949.1062639
1728544949.1402133
1728544949.1735425
1728544949.2066483
1728544949.2395287
1728544949.2722712
1728544949.304599
1728544949.3396664
1728544949.374687
