1729355509.4441955
1729355509.4947786
1729355509.534202
1729355509.5763946
1729355509.6130586
1729355509.6587331
1729355509.695837
1729355509.736484
1729355509.7716455
1729355509.812146
1729355509.8482056
1729355509.888099
1729355509.9258053
1729355509.964524
1729355510.0022664
1729355510.0400317
1729355510.0809436
1729355510.1184773
1729355510.157825
1729355510.193572
1729355510.2341366
1729355510.2720988
1729355510.3099873
1729355510.34699
1729355510.3856761
1729355510.4222016
1729355510.4603243
1729355510.4981103
1729355510.540239
1729355510.5775626
1729355510.6174226
1729355510.6556678
1729355510.696295
1729355510.732496
1729355510.7750936
1729355510.8132954
1729355510.8663652
1729355510.9086695
1729355510.950899
1729355511.0022337
1729355511.0464811
1729355511.0898278
1729355511.1344178
1729355511.1733744
1729355511.210958
1729355511.25123
1729355511.2942247
1729355511.3351898
1729355511.373805
1729355511.4092753
1729355511.4473746
1729355511.4879372
1729355511.5220041
1729355511.557364
1729355511.5908937
1729355511.6256645
1729355511.663091
1729355511.7009578
1729355511.7374861
1729355511.7741542
1729355511.8094463
1729355511.845863
1729355511.8825622
1729355511.9193246
1729355511.9565847
1729355511.992358
1729355512.0289118
1729355512.0640378
1729355512.1005888
1729355512.1411219
1729355512.1913867
1729355512.2292528
1729355512.2623835
1729355512.2955918
1729355512.3312757
1729355512.3662722
1729355512.402135
1729355512.43665
1729355512.4695365
1729355512.5047307
1729355512.5395992
1729355512.5729642
1729355512.6078608
1729355512.6407158
1729355512.675454
1729355512.7108042
1729355512.7465208
1729355512.7806897
1729355512.814592
1729355512.8505208
1729355512.8853576
1729355512.920626
1729355512.9533134
1729355512.9896717
1729355513.023468
1729355513.0598798
1729355513.0941846
1729355513.1313741
1729355513.1652958
1729355513.2008016
1729355513.2345278
1729355513.266827
1729355513.302741
1729355513.3388498
1729355513.3770123
1729355513.4123745
1729355513.451071
1729355513.4931073
1729355513.5259166
1729355513.5602655
1729355513.5987208
1729355513.6342633
1729355513.6690032
1729355513.70482
1729355513.7426076
1729355513.7759626
1729355513.8127186
1729355513.8482475
1729355513.887729
1729355513.9281242
1729355513.9632425
1729355513.9978032
1729355514.0334883
1729355514.0723512
1729355514.1123261
1729355514.1467245
1729355514.1843822
1729355514.2216282
1729355514.2586749
1729355514.296226
1729355514.3338983
1729355514.4147348
1729355514.4514577
1729355514.4878497
1729355514.5294964
1729355514.5702724
1729355514.610062
1729355514.6497185
1729355514.6870644
1729355514.721741
1729355514.7626674
1729355514.8005517
1729355514.8393593
1729355514.874806
1729355514.9133081
1729355514.9492826
1729355514.990472
1729355515.0245225
1729355515.0729282
1729355515.1189854
1729355515.157592
1729355515.1941836
1729355515.231057
1729355515.2670298
1729355515.3010318
1729355515.3346207
1729355515.3687048
1729355515.4052892
1729355515.4410646
1729355515.4799433
1729355515.51763
1729355515.5544279
1729355515.5935633
1729355515.635619
1729355515.6774113
1729355515.7177222
1729355515.7549434
1729355515.7941556
1729355515.8324592
1729355515.8753712
1729355515.914805
1729355515.9558759
1729355515.995512
1729355516.0345976
1729355516.072989
1729355516.111363
1729355516.149664
1729355516.188307
1729355516.2247822
1729355516.2639086
1729355516.3074434
1729355516.3515453
1729355516.393136
1729355516.4291208
1729355516.4721744
1729355516.5147874
1729355516.557089
1729355516.6012185
1729355516.6452389
1729355516.6860714
1729355516.7264981
1729355516.7677877
1729355516.8121934
1729355516.853113
1729355516.8936234
1729355516.9331388
1729355516.9750347
1729355517.017758
1729355517.058057
1729355517.0984862
1729355517.1399174
1729355517.1820035
1729355517.2271392
1729355517.2669985
1729355517.3095913
1729355517.3525252
1729355517.3982375
1729355517.4415452
1729355517.4802237
1729355517.5249753
1729355517.568679
1729355517.6018052
1729355517.6299675
1729355517.6598687
1729355517.6889982
1729355517.7189639
1729355517.7485545
1729355517.7796469
1729355517.8097405
1729355517.8417275
1729355517.8722136
1729355517.9022546
1729355517.9324057
1729355517.963704
1729355517.9961705
1729355518.0270803
1729355518.0573468
1729355518.0891879
1729355518.118915
1729355518.151924
1729355518.1816022
1729355518.2138646
1729355518.2437732
1729355518.274773
1729355518.3046215
1729355518.3365805
1729355518.3694415
1729355518.402827
1729355518.4351428
1729355518.4684489
1729355518.5005994
1729355518.5342848
1729355518.5664973
1729355518.6008282
1729355518.6321616
1729355518.6669953
1729355518.700044
1729355518.7355435
1729355518.7682307
1729355518.801926
1729355518.8359296
1729355518.8752303
1729355518.92023
1729355518.9630308
1729355519.004545
1729355519.045956
1729355519.0831888
1729355519.1216118
1729355519.1519992
1729355519.1887293
1729355519.221196
1729355519.2552173
1729355519.288552
1729355519.327386
1729355519.3734381
1729355519.4132686
1729355519.4454167
1729355519.478441
1729355519.510305
1729355519.5471478
1729355519.5826106
1729355519.6216168
1729355519.6584284
1729355519.6961586
1729355519.728768
1729355519.7634206
1729355519.7941954
1729355519.8261187
1729355519.8568919
1729355519.8864949
1729355519.9179003
1729355519.9480252
1729355519.989916
1729355520.0320153
1729355520.0705056
1729355520.1010878
1729355520.1326892
1729355520.1666284
1729355520.2003043
1729355520.2386954
1729355520.2722602
1729355520.304531
1729355520.3350844
1729355520.36578
1729355520.3973656
1729355520.4280772
1729355520.4607987
1729355520.4906197
1729355520.5239305
1729355520.5642
1729355520.5979795
1729355520.630421
1729355520.6631024
1729355520.6937006
1729355520.7241962
1729355520.7551095
1729355520.78719
1729355520.8176775
1729355520.849437
1729355520.8797295
1729355520.911116
1729355520.9414291
1729355520.9733207
1729355521.0058267
1729355521.0369296
1729355521.0703895
1729355521.1013575
1729355521.1337352
1729355521.1651802
1729355521.1958156
1729355521.229718
1729355521.2599666
1729355521.2919126
1729355521.3216934
1729355521.352027
1729355521.3858213
1729355521.4194224
1729355521.4504027
1729355521.4814177
1729355521.5168946
1729355521.5515506
1729355521.5866303
1729355521.6217031
1729355521.6520493
1729355521.6853704
1729355521.716268
1729355521.749653
