1729865431.4181583
1729865431.4524977
1729865431.4913814
1729865431.5328581
1729865431.5726361
1729865431.6149282
1729865431.6513991
1729865431.6901612
1729865431.7233887
1729865431.760867
1729865431.8035216
1729865431.8433628
1729865431.8831437
1729865431.9282157
1729865431.9769003
1729865432.0137525
1729865432.0509548
1729865432.088096
1729865432.124359
1729865432.1581886
1729865432.1911283
1729865432.2263722
1729865432.2621508
1729865432.305464
1729865432.346797
1729865432.3830879
1729865432.4183455
1729865432.4533694
1729865432.4879355
1729865432.5237198
1729865432.5645475
1729865432.6051478
1729865432.6503456
1729865432.6899793
1729865432.7317567
1729865432.7808452
1729865432.843301
1729865432.898115
1729865432.9440446
1729865432.986622
1729865433.0285232
1729865433.0723636
1729865433.1141467
1729865433.1551876
1729865433.1998255
1729865433.242185
1729865433.2841525
1729865433.323711
1729865433.3638518
1729865433.4114754
1729865433.445701
1729865433.4801145
1729865433.5151436
1729865433.5515063
1729865433.5857139
1729865433.620078
1729865433.6541755
1729865433.6880596
1729865433.719217
1729865433.7528157
1729865433.786708
1729865433.818422
1729865433.8543863
1729865433.8880055
1729865433.9242249
1729865433.9595244
1729865433.9952335
1729865434.026987
1729865434.0592468
1729865434.090806
1729865434.1222816
1729865434.153535
1729865434.1868274
1729865434.2206283
1729865434.2545948
1729865434.2912385
1729865434.3254182
1729865434.35854
1729865434.391136
1729865434.423901
1729865434.4575841
1729865434.4921272
1729865434.5248625
1729865434.5578978
1729865434.5914247
1729865434.6237996
1729865434.6570532
1729865434.6898499
1729865434.7219718
1729865434.7558692
1729865434.7901585
1729865434.8241575
1729865434.8583415
1729865434.8921626
1729865434.9258554
1729865434.9592195
1729865434.992848
1729865435.0271828
1729865435.0609682
1729865435.0933323
1729865435.130719
1729865435.17106
1729865435.2064893
1729865435.2459683
1729865435.285736
1729865435.3246322
1729865435.3645437
1729865435.4034243
1729865435.4345353
1729865435.4691665
1729865435.5036976
1729865435.5374532
1729865435.571481
1729865435.6057348
1729865435.6402962
1729865435.6739044
1729865435.7065616
1729865435.7378294
1729865435.7733045
1729865435.8055406
1729865435.838647
1729865435.8687816
1729865435.9042165
1729865435.9396787
1729865435.9741254
1729865436.010065
1729865436.0459397
1729865436.0823889
1729865436.11341
1729865436.1478293
1729865436.1880698
1729865436.226885
1729865436.2663734
1729865436.3001773
1729865436.3392282
1729865436.3813522
1729865436.4231467
1729865436.4583783
1729865436.495071
1729865436.5318432
1729865436.567814
1729865436.6067083
1729865436.642377
1729865436.6772919
1729865436.711553
1729865436.7438002
1729865436.7793128
1729865436.8113399
1729865436.8575442
1729865436.890324
1729865436.923481
1729865436.9552612
1729865436.9893558
1729865437.0253167
1729865437.0605776
1729865437.094339
1729865437.128701
1729865437.1630929
1729865437.1971884
1729865437.2329898
1729865437.270478
1729865437.3075812
1729865437.3475797
1729865437.3933232
1729865437.439864
1729865437.4814248
1729865437.5206015
1729865437.55893
1729865437.6074405
1729865437.6726959
1729865437.7315516
1729865437.773667
1729865437.8116796
1729865437.848075
1729865437.8846004
1729865437.9219973
1729865437.9585545
1729865437.9955142
1729865438.0340044
1729865438.0767715
1729865438.125732
1729865438.178473
1729865438.233659
1729865438.267711
1729865438.3176708
1729865438.365279
1729865438.415324
1729865438.4658668
1729865438.5168772
1729865438.5691626
1729865438.6185963
1729865438.670816
1729865438.7244556
1729865438.7767336
1729865438.8269758
1729865438.8766258
1729865438.9252431
1729865438.9703827
1729865439.0132022
1729865439.0551991
1729865439.1025934
1729865439.1540406
1729865439.2058964
1729865439.2565346
1729865439.3057115
1729865439.3526814
1729865439.39671
1729865439.4455106
1729865439.4771047
1729865439.521531
1729865439.5680122
1729865439.5996943
1729865439.630223
1729865439.6608548
1729865439.6911757
1729865439.722167
1729865439.7536235
1729865439.7866092
1729865439.817346
1729865439.848119
1729865439.880515
1729865439.9156055
1729865439.9522882
1729865439.988104
1729865440.0242496
1729865440.056842
1729865440.0902824
1729865440.1245265
1729865440.1573467
1729865440.1897535
1729865440.2225378
1729865440.2557392
1729865440.28925
1729865440.3206751
1729865440.3551915
1729865440.3892334
1729865440.423495
1729865440.458231
1729865440.495691
1729865440.5309098
1729865440.5688927
1729865440.6050785
1729865440.6421406
1729865440.6807473
1729865440.7161527
1729865440.7518916
1729865440.7886643
1729865440.824406
1729865440.8625782
1729865440.9006987
1729865440.9413278
1729865440.9822528
1729865441.0246165
1729865441.0692859
1729865441.1156585
1729865441.166052
1729865441.2130158
1729865441.2582626
1729865441.2895913
1729865441.3289518
1729865441.3642132
1729865441.3989465
1729865441.4326334
1729865441.4653394
1729865441.4998965
1729865441.5333414
1729865441.566711
1729865441.5988896
1729865441.6341846
1729865441.6693835
1729865441.7017982
1729865441.7344892
1729865441.7703078
1729865441.8082185
1729865441.8442051
1729865441.8789268
1729865441.9164197
1729865441.9518564
1729865441.9879627
1729865442.0230682
1729865442.0584335
1729865442.0939474
1729865442.1302817
1729865442.1624312
1729865442.1997619
1729865442.236283
1729865442.2724762
1729865442.3164606
1729865442.365858
1729865442.4037626
1729865442.4376771
1729865442.4685435
1729865442.498797
1729865442.5313332
1729865442.563864
1729865442.5981207
1729865442.6309116
1729865442.6619258
1729865442.6934776
1729865442.7246199
1729865442.7578886
1729865442.7891018
1729865442.8218796
1729865442.8530574
1729865442.8858366
1729865442.9175227
1729865442.9511735
1729865442.9864018
1729865443.01823
1729865443.052942
1729865443.0835419
1729865443.114686
1729865443.1464617
1729865443.1776645
1729865443.2114727
1729865443.243134
1729865443.274835
1729865443.3063788
1729865443.3388224
1729865443.369386
1729865443.40269
1729865443.4338706
1729865443.4646084
1729865443.4976683
1729865443.5299482
1729865443.5595818
1729865443.5948873
1729865443.626755
1729865443.660265
1729865443.6957746
1729865443.7347891
1729865443.7741652
1729865443.811858
1729865443.8424225
1729865443.8758457
1729865443.9123316
1729865443.9480417
