1729279485.4470975
1729279485.4848757
1729279485.5390275
1729279485.5952137
1729279485.6266255
1729279485.6965356
1729279485.7695763
1729279485.832425
1729279485.8927011
1729279485.9580207
1729279485.9995322
1729279486.0684783
1729279486.1401932
1729279486.2140722
1729279486.2767882
1729279486.3430853
1729279486.3859844
1729279486.455787
1729279486.5249717
1729279486.599562
1729279486.672868
1729279486.7442918
1729279486.7884777
1729279486.8628054
1729279486.9359677
1729279487.003708
1729279487.0693295
1729279487.142339
1729279487.1875155
1729279487.2951353
1729279487.3666124
1729279487.4321744
1729279487.494348
1729279487.5610757
1729279487.6077342
1729279487.6768584
1729279487.75714
1729279487.824446
1729279487.888969
1729279487.9616272
1729279488.0020833
1729279488.0734262
1729279488.137395
1729279488.201589
1729279488.2666543
1729279488.3381567
1729279488.3805985
1729279488.4532266
1729279488.5206313
1729279488.5896788
1729279488.656134
1729279488.7286508
1729279488.7721615
1729279488.8407722
1729279488.9053035
1729279488.9690661
1729279489.0347219
1729279489.1136556
1729279489.1568503
1729279489.2146957
1729279489.2806275
1729279489.311688
1729279489.3875904
1729279489.473748
1729279489.5249715
1729279489.605625
1729279489.6807997
1729279489.7487178
1729279489.817619
1729279489.8871996
1729279489.9275584
1729279489.9915214
1729279490.0645232
1729279490.1337576
1729279490.194307
1729279490.2606068
1729279490.3041844
1729279490.371633
1729279490.4854255
1729279490.5523689
1729279490.6147647
1729279490.6855996
1729279490.72808
1729279490.79347
1729279490.8707151
1729279490.9380338
1729279490.9991038
1729279491.061273
1729279491.1053567
1729279491.174411
1729279491.238379
1729279491.3045945
1729279491.366969
1729279491.4302297
1729279491.4771094
1729279491.5478535
1729279491.6187348
1729279491.685822
1729279491.749172
1729279491.8247051
1729279491.8674595
1729279491.9354155
1729279492.0058172
1729279492.0716288
1729279492.1350763
1729279492.2020724
1729279492.245617
1729279492.3124957
1729279492.3813252
1729279492.4453096
1729279492.5080755
1729279492.5758197
1729279492.618751
1729279492.6972585
1729279492.7619345
1729279492.8266132
1729279492.892566
1729279492.9591835
1729279493.001098
1729279493.0559962
1729279493.1114137
1729279493.142863
1729279493.2215033
1729279493.3128145
1729279493.3649
1729279493.4411461
1729279493.518034
1729279493.5872538
1729279493.6514647
1729279493.7200353
1729279493.7596304
1729279493.8328469
1729279493.9068391
1729279493.9697099
1729279494.0317385
1729279494.1003075
1729279494.1436787
1729279494.2141216
1729279494.27568
1729279494.342586
1729279494.404704
1729279494.4681296
1729279494.5112054
1729279494.5799005
1729279494.6496398
1729279494.718102
1729279494.776937
1729279494.8398554
1729279494.8846643
1729279494.9547987
1729279495.0182528
1729279495.084249
1729279495.1415246
1729279495.2067623
1729279495.250779
1729279495.3173985
1729279495.391123
1729279495.4956975
1729279495.557581
1729279495.6234424
1729279495.663391
1729279495.730872
1729279495.8010726
1729279495.8625522
1729279495.9251544
1729279495.9904222
1729279496.0349412
1729279496.1054018
1729279496.1746986
1729279496.238525
1729279496.3004901
1729279496.3712347
1729279496.414838
1729279496.4833674
1729279496.5525415
1729279496.6172066
1729279496.6777005
1729279496.749259
1729279496.7910488
1729279496.8476145
1729279496.910711
1729279496.940535
1729279497.013984
1729279497.1000233
1729279497.1481693
1729279497.2245367
1729279497.2956703
1729279497.3640876
1729279497.4296243
1729279497.4965827
1729279497.5377622
1729279497.6086118
1729279497.6788049
1729279497.744711
1729279497.8046505
1729279497.8671808
1729279497.9136257
1729279497.9846187
1729279498.045373
1729279498.1118405
1729279498.1686106
1729279498.2335129
1729279498.277858
1729279498.3469348
1729279498.4148088
1729279498.4806094
1729279498.536116
1729279498.601177
1729279498.6469514
1729279498.7035446
