1729279597.234714
1729279597.5777876
1729279598.1505537
1729279598.7571788
1729279599.283259
1729279599.7667356
1729279600.3333094
1729279600.8303034
1729279601.4208114
1729279602.0110989
1729279602.268737
1729279602.892811
1729279603.4705453
1729279603.7305467
1729279604.335194
1729279604.8867934
1729279605.1446784
1729279605.7696674
1729279606.3075116
1729279606.549199
1729279607.1097398
1729279607.6856036
1729279607.9259171
1729279608.4623911
1729279608.7298944
1729279609.4330373
1729279610.0531313
1729279610.6130168
1729279610.8684115
1729279611.5255415
1729279612.2274628
1729279612.7666042
1729279613.2701044
1729279613.8356893
1729279614.3429852
1729279614.9310129
1729279615.4928358
1729279615.7566626
1729279616.3651495
1729279616.91046
1729279617.1785686
1729279617.8115816
1729279618.3644633
1729279618.6206398
1729279619.2405043
1729279619.7921963
1729279620.3579886
1729279620.9276528
1729279621.1765444
1729279621.8019533
