1728376221.3422427
1728376221.3794096
1728376221.4385414
1728376221.498189
1728376221.5558925
1728376221.615689
1728376221.6751063
1728376221.7368891
1728376221.7915683
1728376221.8504608
1728376221.912177
1728376221.9934456
1728376222.0572197
1728376222.1212234
1728376222.1843889
1728376222.2479453
1728376222.309089
1728376222.3681397
1728376222.4302955
1728376222.4945426
1728376222.5578907
1728376222.6233296
1728376222.6832983
1728376222.7459307
1728376222.8065834
1728376222.8667536
1728376222.9299805
1728376222.9900572
1728376223.0530882
1728376223.1168263
1728376223.1778612
1728376223.24107
1728376223.3061829
1728376223.3597689
1728376223.421283
1728376223.4835405
1728376223.5443122
1728376223.610713
1728376223.6725116
1728376223.7369149
1728376223.7997437
1728376223.8648324
1728376223.9362023
1728376223.9985616
1728376224.0600328
1728376224.123028
1728376224.1846828
1728376224.24928
1728376224.3127248
1728376224.3740785
1728376224.4347172
1728376224.4967554
1728376224.5589757
1728376224.6247795
1728376224.6851091
1728376224.7466211
1728376224.8071852
1728376224.8670878
1728376224.9226115
1728376224.9814968
1728376225.0424342
1728376225.1049683
1728376225.16719
1728376225.2248514
1728376225.2851934
1728376225.3435278
1728376225.4027495
1728376225.46216
1728376225.5228138
1728376225.5841463
1728376225.6429856
1728376225.701158
1728376225.760378
1728376225.817035
1728376225.878362
1728376225.93653
1728376225.996937
1728376226.057945
1728376226.1176157
1728376226.174559
1728376226.2340991
1728376226.3314557
1728376226.3899775
1728376226.4483054
1728376226.507939
1728376226.5671124
1728376226.6211271
1728376226.6768677
1728376226.7352638
1728376226.7942674
1728376226.8508847
1728376226.905896
1728376226.9607859
1728376227.0180902
1728376227.0727952
1728376227.127004
1728376227.1832263
1728376227.240255
1728376227.3037174
1728376227.3673415
1728376227.4349854
1728376227.499255
1728376227.56431
1728376227.6257517
1728376227.6886835
1728376227.7482393
1728376227.8083434
1728376227.8680322
1728376227.923904
1728376227.9818833
1728376228.0400739
1728376228.0983462
1728376228.1571958
1728376228.217327
1728376228.2811165
1728376228.339132
1728376228.3989565
1728376228.455963
1728376228.5111785
1728376228.566844
1728376228.625767
1728376228.6824963
1728376228.7391982
1728376228.79366
1728376228.8489873
1728376228.9046605
1728376228.965245
1728376229.0233102
1728376229.0819921
1728376229.1400833
1728376229.1974363
1728376229.2535846
1728376229.3119848
1728376229.365537
1728376229.4243555
1728376229.4868667
1728376229.5506504
1728376229.6143925
1728376229.6793334
1728376229.741511
1728376229.8046572
1728376229.8682523
1728376229.9273276
1728376229.9869459
1728376230.046474
1728376230.1027622
1728376230.165544
1728376230.2297454
1728376230.2952116
1728376230.3557637
1728376230.419832
1728376230.482472
1728376230.5445478
1728376230.604834
1728376230.665047
1728376230.7221544
1728376230.7824306
1728376230.8447027
1728376230.898791
1728376230.9602346
1728376231.0181785
1728376231.0757377
1728376231.137762
1728376231.1959624
1728376231.2562096
1728376231.3568501
1728376231.417338
1728376231.4792736
1728376231.5477245
1728376231.6140966
1728376231.6768477
1728376231.7388203
1728376231.8020504
1728376231.8633528
1728376231.9236417
1728376231.986165
1728376232.0457442
1728376232.104469
1728376232.1679306
1728376232.22896
1728376232.2891364
1728376232.3461494
1728376232.4054346
1728376232.4634788
1728376232.5232568
1728376232.5827076
1728376232.645012
1728376232.7082412
1728376232.7678707
1728376232.8295503
1728376232.8888023
1728376232.9461758
1728376233.0052392
1728376233.0648482
1728376233.12691
1728376233.1865811
1728376233.2464712
1728376233.3050916
1728376233.365799
1728376233.4244032
1728376233.4848638
1728376233.542567
1728376233.600679
1728376233.6585884
1728376233.7181096
1728376233.7799048
1728376233.8444715
1728376233.9125023
1728376233.977337
1728376234.044256
1728376234.1095657
1728376234.1374264
1728376234.1977935
1728376234.2561095
1728376234.3124576
1728376234.365379
1728376234.4183934
1728376234.4699595
1728376234.5229185
1728376234.5764792
1728376234.6280804
1728376234.6789951
1728376234.732946
1728376234.7880285
1728376234.8870637
1728376234.9437754
1728376234.9977875
1728376235.0533686
1728376235.1234317
1728376235.1809037
1728376235.2377753
1728376235.297277
1728376235.3557465
1728376235.4154317
1728376235.4739387
1728376235.532608
1728376235.5879827
1728376235.6439197
1728376235.6990845
1728376235.7554014
1728376235.808856
1728376235.8634481
1728376235.916865
1728376235.9750614
1728376236.0281706
1728376236.0813384
1728376236.1338756
1728376236.1866817
1728376236.2388868
1728376236.3025563
1728376236.3585043
1728376236.4144304
1728376236.4701743
1728376236.5265167
1728376236.5823798
1728376236.637118
1728376236.6924813
1728376236.7486331
1728376236.8027377
1728376236.8575473
1728376236.913765
1728376236.9688194
1728376237.0268884
1728376237.0875056
1728376237.1480248
1728376237.2081873
1728376237.264505
1728376237.3214355
1728376237.3758087
1728376237.431458
1728376237.4874845
1728376237.5431578
1728376237.603043
1728376237.6652431
1728376237.727118
1728376237.7860816
1728376237.8430665
1728376237.9012277
1728376237.9579952
1728376238.012927
1728376238.0700116
1728376238.1257021
1728376238.1822429
1728376238.2348287
1728376238.294777
1728376238.3549128
1728376238.4131503
1728376238.4706984
1728376238.5273123
1728376238.5852196
1728376238.6421432
1728376238.6973298
1728376238.7519703
1728376238.807072
1728376238.8641753
1728376238.9165688
1728376238.9685938
1728376239.0212607
1728376239.078653
1728376239.131468
1728376239.186042
1728376239.2394898
1728376239.291096
1728376239.343629
1728376239.3987443
1728376239.4554765
1728376239.513258
1728376239.5934138
1728376239.6519785
1728376239.7114005
1728376239.7685664
1728376239.8245509
1728376239.879017
1728376239.9352684
1728376239.9883063
1728376240.0416672
1728376240.0933063
1728376240.1460676
1728376240.1986063
1728376240.2527256
1728376240.3086126
1728376240.3640714
1728376240.4203253
1728376240.4747987
1728376240.5287855
1728376240.556941
1728376240.6167042
1728376240.674378
1728376240.7327437
1728376240.791119
1728376240.8513277
1728376240.9120033
1728376240.9731407
1728376241.0281227
1728376241.0883534
1728376241.1466017
1728376241.2071426
